# 20200701_101259_Spectrum_A100-I6.csv example_data/hyperchromator_600nm.dat
Wavelength (nm)	Intensity	Corrected
Unusable	2251
Dark	1949
Dark	1978
Dark	1973
Bevel	2007
Bevel	2002
Bevel	1998
Bevel	2000
Bevel	1997
Bevel	2002
346.68	2000	2000.0
347.04	2003	2003.0
347.40	2002	2002.0
347.76	2004	2004.0
348.12	1998	1998.0
348.48	1999	1999.0
348.84	2003	2003.0
349.20	2005	2005.0
349.56	2001	2001.0
349.92	2003	2003.0
350.28	2004	2004.0
350.64	2005	2005.0
351.00	2005	2005.0
351.36	2007	2007.0
351.72	2005	2005.0
352.08	2008	2008.0
352.44	2006	2006.0
352.80	2007	2007.0
353.16	2009	2009.0
353.52	2009	2009.0
353.88	2013	2012.9
354.24	2009	2009.0
354.59	2010	2010.0
354.95	2011	2011.0
355.31	2011	2011.0
355.67	2010	2010.0
356.03	2013	2012.9
356.39	2007	2007.0
356.75	2010	2010.0
357.11	2009	2009.0
357.46	2009	2009.0
357.82	2012	2012.0
358.18	2014	2013.9
358.54	2010	2010.0
358.90	2012	2012.0
359.25	2015	2014.9
359.61	2010	2010.0
359.97	2016	2015.9
360.33	2013	2012.9
360.68	2011	2011.0
361.04	2010	2010.0
361.40	2011	2011.0
361.76	2012	2012.0
362.11	2009	2009.0
362.47	2012	2012.0
362.83	2009	2009.0
363.18	2015	2014.9
363.54	2010	2010.0
363.90	2015	2014.9
364.25	2013	2012.9
364.61	2015	2014.9
364.97	2016	2015.9
365.32	2013	2012.9
365.68	2010	2010.0
366.04	2012	2012.0
366.39	2008	2008.0
366.75	2011	2011.0
367.10	2011	2011.0
367.46	2008	2008.0
367.81	2009	2009.0
368.17	2012	2012.0
368.53	2009	2009.0
368.88	2009	2009.0
369.24	2012	2012.0
369.59	2010	2010.0
369.95	2010	2010.0
370.30	2011	2011.0
370.66	2014	2013.9
371.01	2011	2011.0
371.37	2010	2010.0
371.72	2011	2011.0
372.08	2007	2007.0
372.43	2017	2016.9
372.79	2009	2009.0
373.14	2012	2012.0
373.49	2015	2014.9
373.85	2014	2013.9
374.20	2012	2012.0
374.56	2015	2014.9
374.91	2007	2007.0
375.26	2019	2018.9
375.62	2012	2012.0
375.97	2013	2012.9
376.33	2012	2012.0
376.68	2006	2006.0
377.03	2013	2012.9
377.39	2010	2010.0
377.74	2014	2013.9
378.09	2013	2012.9
378.45	2010	2010.0
378.80	2010	2010.0
379.15	2010	2010.0
379.50	2015	2014.9
379.86	2011	2011.0
380.21	2010	2010.0
380.56	2014	2013.9
380.91	2011	2011.0
381.27	2009	2009.0
381.62	2010	2010.0
381.97	2010	2010.0
382.32	2011	2011.0
382.68	2008	2008.0
383.03	2016	2015.9
383.38	2019	2018.9
383.73	2017	2016.9
384.08	2013	2012.9
384.43	2013	2012.9
384.79	2012	2012.0
385.14	2015	2014.9
385.49	2007	2007.0
385.84	2017	2016.9
386.19	2011	2011.0
386.54	2017	2016.9
386.89	2015	2014.9
387.24	2018	2017.9
387.60	2012	2012.0
387.95	2014	2013.9
388.30	2012	2012.0
388.65	2013	2012.9
389.00	2015	2014.9
389.35	2011	2011.0
389.70	2013	2012.9
390.05	2014	2013.9
390.40	2013	2012.9
390.75	2010	2010.0
391.10	2018	2017.9
391.45	2009	2009.0
391.80	2012	2012.0
392.15	2015	2014.9
392.50	2015	2014.9
392.85	2011	2011.0
393.20	2014	2013.9
393.55	2009	2009.0
393.90	2018	2017.9
394.24	2015	2014.9
394.59	2014	2013.9
394.94	2011	2011.0
395.29	2011	2011.0
395.64	2018	2017.9
395.99	2013	2012.9
396.34	2009	2009.0
396.69	2015	2014.9
397.04	2010	2010.0
397.38	2012	2012.0
397.73	2012	2012.0
398.08	2013	2012.9
398.43	2007	2007.0
398.78	2013	2012.9
399.12	2014	2013.9
399.47	2011	2011.0
399.82	2010	2010.0
400.17	2010	2010.0
400.52	2007	2007.0
400.86	2013	2012.9
401.21	2014	2013.9
401.56	2017	2016.9
401.90	2012	2012.0
402.25	2012	2012.0
402.60	2010	2010.0
402.95	2010	2010.0
403.29	2013	2012.9
403.64	2012	2012.0
403.99	2011	2011.0
404.33	2014	2013.9
404.68	2017	2016.9
405.03	2004	2004.0
405.37	2012	2012.0
405.72	2015	2014.9
406.07	2011	2011.0
406.41	2014	2013.9
406.76	2014	2013.9
407.10	2012	2012.0
407.45	2009	2009.0
407.80	2011	2011.0
408.14	2012	2012.0
408.49	2014	2013.9
408.83	2010	2010.0
409.18	2011	2011.0
409.52	2008	2008.0
409.87	2009	2009.0
410.21	2011	2011.0
410.56	2009	2009.0
410.90	2015	2014.9
411.25	2015	2014.9
411.59	2015	2014.9
411.94	2009	2009.0
412.28	2011	2011.0
412.63	2017	2016.9
412.97	2012	2012.0
413.32	2015	2014.9
413.66	2016	2015.9
414.01	2009	2009.0
414.35	2015	2014.9
414.69	2017	2016.9
415.04	2010	2010.0
415.38	2014	2013.9
415.73	2010	2010.0
416.07	2016	2015.9
416.41	2014	2013.9
416.76	2010	2010.0
417.10	2010	2010.0
417.44	2013	2012.9
417.79	2013	2012.9
418.13	2012	2012.0
418.47	2010	2010.0
418.82	2015	2014.9
419.16	2009	2009.0
419.50	2011	2011.0
419.85	2019	2018.9
420.19	2019	2018.9
420.53	2006	2006.0
420.87	2010	2010.0
421.22	2018	2017.9
421.56	2013	2012.9
421.90	2014	2013.9
422.24	2012	2012.0
422.59	2011	2011.0
422.93	2009	2009.0
423.27	2014	2013.9
423.61	2011	2011.0
423.95	2012	2012.0
424.29	2014	2013.9
424.64	2009	2009.0
424.98	2011	2011.0
425.32	2011	2011.0
425.66	2010	2010.0
426.00	2013	2012.9
426.34	2014	2013.9
426.68	2015	2014.9
427.03	2012	2012.0
427.37	2011	2011.0
427.71	2011	2011.0
428.05	2008	2008.0
428.39	2010	2010.0
428.73	2007	2007.0
429.07	2014	2013.9
429.41	2009	2009.0
429.75	2014	2013.9
430.09	2012	2012.0
430.43	2014	2013.9
430.77	2009	2009.0
431.11	2012	2012.0
431.45	2008	2008.0
431.79	2010	2010.0
432.13	2014	2013.9
432.47	2010	2010.0
432.81	2009	2009.0
433.15	2014	2013.9
433.49	2010	2010.0
433.83	2010	2010.0
434.17	2009	2009.0
434.51	2014	2013.9
434.85	2012	2012.0
435.19	2012	2012.0
435.52	2010	2010.0
435.86	2016	2015.9
436.20	2011	2011.0
436.54	2013	2012.9
436.88	2015	2014.9
437.22	2010	2010.0
437.56	2011	2011.0
437.89	2010	2010.0
438.23	2014	2013.9
438.57	2016	2015.9
438.91	2012	2012.0
439.25	2010	2010.0
439.58	2008	2008.0
439.92	2012	2012.0
440.26	2013	2012.9
440.60	2012	2012.0
440.94	2011	2011.0
441.27	2013	2012.9
441.61	2013	2012.9
441.95	2016	2015.9
442.28	2015	2014.9
442.62	2016	2015.9
442.96	2014	2013.9
443.30	2016	2015.9
443.63	2014	2013.9
443.97	2012	2012.0
444.31	2014	2013.9
444.64	2013	2012.9
444.98	2015	2014.9
445.32	2010	2010.0
445.65	2011	2011.0
445.99	2013	2012.9
446.33	2013	2012.9
446.66	2016	2015.9
447.00	2017	2016.9
447.33	2014	2013.9
447.67	2014	2013.9
448.01	2015	2014.9
448.34	2014	2013.9
448.68	2013	2012.9
449.01	2016	2015.9
449.35	2014	2013.9
449.68	2013	2012.9
450.02	2019	2018.9
450.35	2015	2014.9
450.69	2016	2015.9
451.02	2010	2010.0
451.36	2013	2012.9
451.69	2013	2012.9
452.03	2014	2013.9
452.36	2014	2013.9
452.70	2017	2016.9
453.03	2017	2016.9
453.37	2015	2014.9
453.70	2012	2012.0
454.04	2015	2014.9
454.37	2016	2015.9
454.70	2021	2020.9
455.04	2016	2015.9
455.37	2019	2018.9
455.71	2018	2017.9
456.04	2021	2020.9
456.37	2018	2017.9
456.71	2021	2020.9
457.04	2015	2014.9
457.37	2013	2012.9
457.71	2012	2012.0
458.04	2017	2016.9
458.37	2019	2018.9
458.71	2018	2017.9
459.04	2016	2015.9
459.37	2017	2016.9
459.71	2020	2019.9
460.04	2016	2015.9
460.37	2017	2016.9
460.70	2019	2018.9
461.04	2018	2017.9
461.37	2020	2019.9
461.70	2017	2016.9
462.03	2021	2020.9
462.37	2020	2019.9
462.70	2019	2018.9
463.03	2016	2015.9
463.36	2021	2020.9
463.69	2016	2015.9
464.03	2017	2016.9
464.36	2018	2017.9
464.69	2017	2016.9
465.02	2020	2019.9
465.35	2025	2024.9
465.68	2017	2016.9
466.02	2012	2012.0
466.35	2016	2015.9
466.68	2014	2013.9
467.01	2023	2022.9
467.34	2018	2017.9
467.67	2018	2017.9
468.00	2014	2013.9
468.33	2017	2016.9
468.66	2019	2018.9
468.99	2012	2012.0
469.32	2018	2017.9
469.65	2017	2016.9
469.98	2018	2017.9
470.32	2021	2020.9
470.65	2019	2018.9
470.98	2016	2015.9
471.31	2015	2014.9
471.64	2019	2018.9
471.97	2016	2015.9
472.29	2016	2015.9
472.62	2018	2017.9
472.95	2022	2021.9
473.28	2015	2014.9
473.61	2017	2016.9
473.94	2019	2018.9
474.27	2018	2017.9
474.60	2014	2013.9
474.93	2017	2016.9
475.26	2014	2013.9
475.59	2014	2013.9
475.92	2017	2016.9
476.25	2018	2017.9
476.57	2017	2016.9
476.90	2017	2016.9
477.23	2015	2014.9
477.56	2016	2015.9
477.89	2014	2013.9
478.22	2011	2011.0
478.54	2015	2014.9
478.87	2016	2015.9
479.20	2018	2017.9
479.53	2016	2015.9
479.86	2013	2012.9
480.18	2015	2014.9
480.51	2018	2017.9
480.84	2012	2012.0
481.17	2013	2012.9
481.49	2012	2012.0
481.82	2015	2014.9
482.15	2014	2013.9
482.48	2014	2013.9
482.80	2012	2012.0
483.13	2015	2014.9
483.46	2018	2017.9
483.78	2015	2014.9
484.11	2011	2011.0
484.44	2016	2015.9
484.76	2015	2014.9
485.09	2016	2015.9
485.42	2014	2013.9
485.74	2014	2013.9
486.07	2021	2020.9
486.40	2015	2014.9
486.72	2013	2012.9
487.05	2011	2011.0
487.37	2016	2015.9
487.70	2011	2011.0
488.03	2011	2011.0
488.35	2012	2012.0
488.68	2008	2008.0
489.00	2010	2010.0
489.33	2009	2009.0
489.65	2019	2018.9
489.98	2011	2011.0
490.30	2014	2013.9
490.63	2010	2010.0
490.95	2011	2011.0
491.28	2013	2012.9
491.60	2007	2007.0
491.93	2010	2010.0
492.25	2011	2011.0
492.58	2011	2011.0
492.90	2015	2014.9
493.23	2018	2017.9
493.55	2011	2011.0
493.88	2006	2006.0
494.20	2011	2011.0
494.53	2005	2005.0
494.85	2009	2009.0
495.17	2012	2012.0
495.50	2010	2010.0
495.82	2010	2010.0
496.14	2013	2012.9
496.47	2014	2013.9
496.79	2012	2012.0
497.12	2009	2009.0
497.44	2011	2011.0
497.76	2008	2008.0
498.09	2014	2013.9
498.41	2010	2010.0
498.73	2007	2007.0
499.05	2011	2011.0
499.38	2005	2005.0
499.70	2007	2007.0
500.02	2013	2012.9
500.35	2013	2012.9
500.67	2011	2011.0
500.99	2012	2012.0
501.31	2015	2014.9
501.64	2011	2011.0
501.96	2012	2012.0
502.28	2016	2015.9
502.60	2013	2012.9
502.93	2010	2010.0
503.25	2009	2009.0
503.57	2008	2008.0
503.89	2015	2014.9
504.21	2008	2008.0
504.53	2007	2007.0
504.86	2010	2010.0
505.18	2008	2008.0
505.50	2008	2008.0
505.82	2013	2012.9
506.14	2008	2008.0
506.46	2010	2010.0
506.78	2009	2009.0
507.10	2010	2010.0
507.43	2006	2006.0
507.75	2006	2006.0
508.07	2012	2012.0
508.39	2011	2011.0
508.71	2008	2008.0
509.03	2010	2010.0
509.35	2006	2006.0
509.67	2007	2007.0
509.99	2012	2012.0
510.31	2009	2009.0
510.63	2006	2006.0
510.95	2011	2011.0
511.27	2010	2010.0
511.59	2011	2011.0
511.91	2010	2010.0
512.23	2002	2002.0
512.55	2014	2013.9
512.87	2007	2007.0
513.19	2011	2011.0
513.51	2013	2012.9
513.83	2010	2010.0
514.15	2010	2010.0
514.47	2009	2009.0
514.78	2007	2007.0
515.10	2010	2010.0
515.42	2010	2010.0
515.74	2007	2007.0
516.06	2010	2010.0
516.38	2009	2009.0
516.70	2010	2010.0
517.02	2011	2011.0
517.33	2009	2009.0
517.65	2005	2005.0
517.97	2010	2010.0
518.29	2009	2009.0
518.61	2007	2007.0
518.93	2008	2008.0
519.24	2006	2006.0
519.56	2004	2004.0
519.88	2009	2009.0
520.20	2008	2008.0
520.51	2007	2007.0
520.83	2009	2009.0
521.15	2012	2012.0
521.47	2011	2011.0
521.78	2009	2009.0
522.10	2010	2010.0
522.42	2012	2012.0
522.74	2010	2010.0
523.05	2008	2008.0
523.37	2014	2013.9
523.69	2012	2012.0
524.00	2008	2008.0
524.32	2007	2007.0
524.64	2009	2009.0
524.95	2011	2011.0
525.27	2008	2008.0
525.59	2007	2007.0
525.90	2010	2010.0
526.22	2010	2010.0
526.53	2007	2007.0
526.85	2011	2011.0
527.17	2010	2010.0
527.48	2014	2013.9
527.80	2012	2012.0
528.11	2013	2012.9
528.43	2014	2013.9
528.74	2007	2007.0
529.06	2010	2010.0
529.38	2012	2012.0
529.69	2012	2012.0
530.01	2010	2010.0
530.32	2011	2011.0
530.64	2009	2009.0
530.95	2011	2011.0
531.27	2011	2011.0
531.58	2012	2012.0
531.90	2013	2012.9
532.21	2009	2009.0
532.53	2007	2007.0
532.84	2011	2011.0
533.15	2014	2013.9
533.47	2010	2010.0
533.78	2010	2010.0
534.10	2009	2009.0
534.41	2014	2013.9
534.73	2010	2010.0
535.04	2011	2011.0
535.35	2011	2011.0
535.67	2010	2010.0
535.98	2015	2014.9
536.29	2008	2008.0
536.61	2014	2013.9
536.92	2013	2012.9
537.23	2012	2012.0
537.55	2012	2012.0
537.86	2012	2012.0
538.17	2013	2012.9
538.49	2007	2007.0
538.80	2008	2008.0
539.11	2013	2012.9
539.43	2017	2016.9
539.74	2007	2007.0
540.05	2014	2013.9
540.36	2011	2011.0
540.68	2009	2009.0
540.99	2010	2010.0
541.30	2012	2012.0
541.61	2012	2012.0
541.93	2010	2010.0
542.24	2014	2013.9
542.55	2011	2011.0
542.86	2010	2010.0
543.17	2009	2009.0
543.49	2010	2010.0
543.80	2008	2008.0
544.11	2013	2012.9
544.42	2007	2007.0
544.73	2012	2012.0
545.04	2012	2012.0
545.36	2010	2010.0
545.67	2011	2011.0
545.98	2009	2009.0
546.29	2008	2008.0
546.60	2008	2008.0
546.91	2012	2012.0
547.22	2011	2011.0
547.53	2010	2010.0
547.84	2013	2012.9
548.15	2010	2010.0
548.47	2009	2009.0
548.78	2012	2012.0
549.09	2011	2011.0
549.40	2009	2009.0
549.71	2009	2009.0
550.02	2013	2012.9
550.33	2009	2009.0
550.64	2013	2012.9
550.95	2010	2010.0
551.26	2007	2007.0
551.57	2009	2009.0
551.88	2011	2011.0
552.19	2009	2009.0
552.50	2009	2009.0
552.81	2009	2009.0
553.11	2010	2010.0
553.42	2010	2010.0
553.73	2012	2012.0
554.04	2014	2013.9
554.35	2011	2011.0
554.66	2009	2009.0
554.97	2007	2007.0
555.28	2015	2014.9
555.59	2010	2010.0
555.90	2013	2012.9
556.20	2007	2007.0
556.51	2012	2012.0
556.82	2012	2012.0
557.13	2010	2010.0
557.44	2014	2013.9
557.75	2014	2013.9
558.05	2013	2012.9
558.36	2011	2011.0
558.67	2012	2012.0
558.98	2010	2010.0
559.29	2012	2012.0
559.59	2014	2013.9
559.90	2012	2012.0
560.21	2012	2012.0
560.52	2012	2012.0
560.82	2014	2013.9
561.13	2012	2012.0
561.44	2014	2013.9
561.75	2014	2013.9
562.05	2018	2017.9
562.36	2010	2010.0
562.67	2014	2013.9
562.97	2015	2014.9
563.28	2016	2015.9
563.59	2014	2013.9
563.89	2011	2011.0
564.20	2014	2013.9
564.51	2014	2013.9
564.81	2010	2010.0
565.12	2013	2012.9
565.43	2014	2013.9
565.73	2012	2012.0
566.04	2010	2010.0
566.35	2014	2013.9
566.65	2009	2009.0
566.96	2017	2016.9
567.26	2011	2011.0
567.57	2011	2011.0
567.87	2013	2012.9
568.18	2013	2012.9
568.49	2017	2016.9
568.79	2012	2012.0
569.10	2010	2010.0
569.40	2010	2010.0
569.71	2013	2012.9
570.01	2011	2011.0
570.32	2011	2011.0
570.62	2014	2013.9
570.93	2012	2012.0
571.23	2014	2013.9
571.54	2009	2009.0
571.84	2010	2010.0
572.15	2009	2009.0
572.45	2007	2007.0
572.75	2015	2014.9
573.06	2014	2013.9
573.36	2015	2014.9
573.67	2007	2007.0
573.97	2010	2010.0
574.28	2012	2012.0
574.58	2010	2010.0
574.88	2013	2012.9
575.19	2012	2012.0
575.49	2014	2013.9
575.79	2012	2012.0
576.10	2012	2012.0
576.40	2011	2011.0
576.71	2016	2015.9
577.01	2008	2008.0
577.31	2009	2009.0
577.62	2011	2011.0
577.92	2010	2010.0
578.22	2010	2010.0
578.52	2009	2009.0
578.83	2011	2011.0
579.13	2013	2012.9
579.43	2015	2014.9
579.74	2009	2009.0
580.04	2010	2010.0
580.34	2010	2010.0
580.64	2012	2012.0
580.95	2016	2015.9
581.25	2012	2012.0
581.55	2013	2012.9
581.85	2012	2012.0
582.15	2013	2012.9
582.46	2013	2012.9
582.76	2012	2012.0
583.06	2011	2011.0
583.36	2012	2012.0
583.66	2007	2007.0
583.96	2016	2015.9
584.27	2010	2010.0
584.57	2012	2012.0
584.87	2009	2009.0
585.17	2011	2011.0
585.47	2012	2012.0
585.77	2012	2012.0
586.07	2013	2012.9
586.37	2019	2018.9
586.68	2014	2013.9
586.98	2011	2011.0
587.28	2010	2010.0
587.58	2010	2010.0
587.88	2010	2010.0
588.18	2006	2006.0
588.48	2015	2014.9
588.78	2012	2012.0
589.08	2012	2012.0
589.38	2013	2012.9
589.68	2007	2007.0
589.98	2016	2015.9
590.28	2009	2009.0
590.58	2014	2013.9
590.88	2013	2012.9
591.18	2012	2012.0
591.48	2016	2015.9
591.78	2017	2016.9
592.08	2011	2011.0
592.38	2016	2015.9
592.68	2012	2012.0
592.98	2012	2012.0
593.28	2012	2012.0
593.58	2014	2013.9
593.87	2012	2012.0
594.17	2015	2014.9
594.47	2017	2016.9
594.77	2016	2015.9
595.07	2015	2014.9
595.37	2016	2015.9
595.67	2016	2015.9
595.97	2020	2019.9
596.26	2029	2028.9
596.56	2019	2018.9
596.86	2025	2024.9
597.16	2024	2023.9
597.46	2026	2025.9
597.76	2029	2028.9
598.05	2034	2033.9
598.35	2039	2038.9
598.65	2049	2048.8
598.95	2087	2086.7
599.24	2182	2181.4
599.54	2396	2394.7
599.84	2763	2760.7
600.14	3114	3110.9
600.43	3132	3128.9
600.73	2778	2775.7
601.03	2375	2373.8
601.33	2163	2162.5
601.62	2097	2096.7
601.92	2073	2072.7
602.22	2065	2064.8
602.51	2054	2053.8
602.81	2051	2050.8
603.11	2043	2042.8
603.40	2039	2038.9
603.70	2030	2029.9
604.00	2032	2031.9
604.29	2033	2032.9
604.59	2039	2038.9
604.89	2028	2027.9
605.18	2023	2022.9
605.48	2025	2024.9
605.78	2022	2021.9
606.07	2021	2020.9
606.37	2016	2015.9
606.66	2019	2018.9
606.96	2019	2018.9
607.25	2015	2014.9
607.55	2018	2017.9
607.85	2019	2018.9
608.14	2016	2015.9
608.44	2017	2016.9
608.73	2018	2017.9
609.03	2020	2019.9
609.32	2018	2017.9
609.62	2017	2016.9
609.91	2015	2014.9
610.21	2013	2012.9
610.50	2010	2010.0
610.80	2012	2012.0
611.09	2012	2012.0
611.39	2012	2012.0
611.68	2010	2010.0
611.97	2013	2012.9
612.27	2015	2014.9
612.56	2017	2016.9
612.86	2014	2013.9
613.15	2016	2015.9
613.45	2021	2020.9
613.74	2016	2015.9
614.03	2015	2014.9
614.33	2016	2015.9
614.62	2015	2014.9
614.92	2016	2015.9
615.21	2014	2013.9
615.50	2014	2013.9
615.80	2012	2012.0
616.09	2008	2008.0
616.38	2015	2014.9
616.68	2006	2006.0
616.97	2010	2010.0
617.26	2012	2012.0
617.56	2009	2009.0
617.85	2013	2012.9
618.14	2011	2011.0
618.43	2014	2013.9
618.73	2012	2012.0
619.02	2009	2009.0
619.31	2010	2010.0
619.60	2005	2005.0
619.90	2020	2019.9
620.19	2012	2012.0
620.48	2005	2005.0
620.77	2009	2009.0
621.07	2008	2008.0
621.36	2008	2008.0
621.65	2007	2007.0
621.94	2004	2004.0
622.23	2013	2012.9
622.53	2008	2008.0
622.82	2010	2010.0
623.11	2009	2009.0
623.40	2009	2009.0
623.69	2009	2009.0
623.98	2012	2012.0
624.28	2004	2004.0
624.57	2010	2010.0
624.86	2007	2007.0
625.15	2007	2007.0
625.44	2006	2006.0
625.73	2014	2013.9
626.02	2013	2012.9
626.31	2010	2010.0
626.60	2009	2009.0
626.89	2007	2007.0
627.18	2011	2011.0
627.47	2007	2007.0
627.77	2011	2011.0
628.06	2010	2010.0
628.35	2010	2010.0
628.64	2007	2007.0
628.93	2009	2009.0
629.22	2015	2014.9
629.51	2008	2008.0
629.80	2005	2005.0
630.09	2006	2006.0
630.38	2009	2009.0
630.67	2008	2008.0
630.96	2010	2010.0
631.25	2003	2003.0
631.53	2009	2009.0
631.82	2014	2013.9
632.11	2006	2006.0
632.40	2010	2010.0
632.69	2007	2007.0
632.98	2009	2009.0
633.27	2004	2004.0
633.56	2006	2006.0
633.85	2007	2007.0
634.14	2009	2009.0
634.43	2007	2007.0
634.71	2006	2006.0
635.00	2009	2009.0
635.29	2011	2011.0
635.58	2008	2008.0
635.87	2012	2012.0
636.16	2009	2009.0
636.44	2012	2012.0
636.73	2005	2005.0
637.02	2007	2007.0
637.31	2011	2011.0
637.60	2006	2006.0
637.88	2007	2007.0
638.17	2008	2008.0
638.46	2012	2012.0
638.75	2004	2004.0
639.04	2007	2007.0
639.32	2008	2008.0
639.61	2007	2007.0
639.90	2010	2010.0
640.18	2009	2009.0
640.47	2013	2012.9
640.76	2009	2009.0
641.05	2008	2008.0
641.33	2007	2007.0
641.62	2006	2006.0
641.91	2007	2007.0
642.19	2009	2009.0
642.48	2012	2012.0
642.77	2009	2009.0
643.05	2009	2009.0
643.34	2005	2005.0
643.63	2006	2006.0
643.91	2005	2005.0
644.20	2005	2005.0
644.49	2010	2010.0
644.77	2005	2005.0
645.06	2011	2011.0
645.34	2012	2012.0
645.63	2004	2004.0
645.92	2006	2006.0
646.20	2013	2012.9
646.49	2009	2009.0
646.77	2007	2007.0
647.06	2007	2007.0
647.34	2007	2007.0
647.63	2013	2012.9
647.91	2006	2006.0
648.20	2008	2008.0
648.48	2008	2008.0
648.77	2009	2009.0
649.05	2011	2011.0
649.34	2008	2008.0
649.62	2007	2007.0
649.91	2004	2004.0
650.19	2005	2005.0
650.48	2010	2010.0
650.76	2014	2013.9
651.05	2006	2006.0
651.33	2008	2008.0
651.62	2007	2007.0
651.90	2012	2012.0
652.18	2010	2010.0
652.47	2010	2010.0
652.75	2014	2013.9
653.04	2004	2004.0
653.32	2007	2007.0
653.60	2008	2008.0
653.89	2007	2007.0
654.17	2011	2011.0
654.46	2012	2012.0
654.74	2006	2006.0
655.02	2012	2012.0
655.31	2010	2010.0
655.59	2012	2012.0
655.87	2006	2006.0
656.16	2009	2009.0
656.44	2014	2013.9
656.72	2009	2009.0
657.01	2008	2008.0
657.29	2005	2005.0
657.57	2009	2009.0
657.85	2009	2009.0
658.14	2008	2008.0
658.42	2008	2008.0
658.70	2008	2008.0
658.98	2011	2011.0
659.27	2011	2011.0
659.55	2008	2008.0
659.83	2006	2006.0
660.11	2010	2010.0
660.40	2010	2010.0
660.68	2009	2009.0
660.96	2010	2010.0
661.24	2010	2010.0
661.52	2012	2012.0
661.81	2006	2006.0
662.09	2009	2009.0
662.37	2010	2010.0
662.65	2008	2008.0
662.93	2006	2006.0
663.21	2008	2008.0
663.49	2005	2005.0
663.78	2010	2010.0
664.06	2007	2007.0
664.34	2010	2010.0
664.62	2009	2009.0
664.90	2009	2009.0
665.18	2007	2007.0
665.46	2008	2008.0
665.74	2008	2008.0
666.02	2008	2008.0
666.30	2009	2009.0
666.58	2011	2011.0
666.86	2011	2011.0
667.14	2008	2008.0
667.43	2013	2012.9
667.71	2010	2010.0
667.99	2008	2008.0
668.27	2009	2009.0
668.55	2011	2011.0
668.83	2009	2009.0
669.11	2009	2009.0
669.39	2008	2008.0
669.67	2008	2008.0
669.94	2008	2008.0
670.22	2007	2007.0
670.50	2010	2010.0
670.78	2007	2007.0
671.06	2009	2009.0
671.34	2008	2008.0
671.62	2004	2004.0
671.90	2009	2009.0
672.18	2008	2008.0
672.46	2009	2009.0
672.74	2014	2013.9
673.02	2009	2009.0
673.30	2006	2006.0
673.57	2012	2012.0
673.85	2016	2015.9
674.13	2006	2006.0
674.41	2005	2005.0
674.69	2011	2011.0
674.97	2006	2006.0
675.25	2009	2009.0
675.52	2011	2011.0
675.80	2005	2005.0
676.08	2011	2011.0
676.36	2013	2012.9
676.64	2006	2006.0
676.91	2007	2007.0
677.19	2011	2011.0
677.47	2009	2009.0
677.75	2009	2009.0
678.02	2008	2008.0
678.30	2005	2005.0
678.58	2008	2008.0
678.86	2011	2011.0
679.13	2009	2009.0
679.41	2010	2010.0
679.69	2009	2009.0
679.97	2013	2012.9
680.24	2009	2009.0
680.52	2012	2012.0
680.80	2008	2008.0
681.07	2009	2009.0
681.35	2005	2005.0
681.63	2013	2012.9
681.90	2007	2007.0
682.18	2005	2005.0
682.46	2007	2007.0
682.73	2010	2010.0
683.01	2008	2008.0
683.29	2015	2014.9
683.56	2007	2007.0
683.84	2008	2008.0
684.11	2007	2007.0
684.39	2010	2010.0
684.67	2007	2007.0
684.94	2012	2012.0
685.22	2007	2007.0
685.49	2012	2012.0
685.77	2009	2009.0
686.04	2010	2010.0
686.32	2007	2007.0
686.60	2008	2008.0
686.87	2014	2013.9
687.15	2011	2011.0
687.42	2010	2010.0
687.70	2005	2005.0
687.97	2008	2008.0
688.25	2007	2007.0
688.52	2007	2007.0
688.80	2011	2011.0
689.07	2009	2009.0
689.35	2009	2009.0
689.62	2011	2011.0
689.89	2012	2012.0
690.17	2010	2010.0
690.44	2011	2011.0
690.72	2009	2009.0
690.99	2012	2012.0
691.27	2005	2005.0
691.54	2008	2008.0
691.82	2009	2009.0
692.09	2010	2010.0
692.36	2006	2006.0
692.64	2004	2004.0
692.91	2008	2008.0
693.18	2009	2009.0
693.46	2010	2010.0
693.73	2009	2009.0
694.01	2004	2004.0
694.28	2005	2005.0
694.55	2016	2015.9
694.83	2003	2003.0
695.10	2012	2012.0
695.37	2004	2004.0
695.64	2009	2009.0
695.92	2006	2006.0
696.19	2007	2007.0
696.46	2008	2008.0
696.74	2009	2009.0
697.01	2011	2011.0
697.28	2007	2007.0
697.55	2013	2012.9
697.83	2009	2009.0
698.10	2010	2010.0
698.37	2006	2006.0
698.64	2003	2003.0
698.92	2008	2008.0
699.19	2010	2010.0
699.46	2008	2008.0
699.73	2010	2010.0
700.01	2010	2010.0
700.28	2011	2011.0
700.55	2014	2013.9
700.82	2009	2009.0
701.09	2013	2012.9
701.36	2009	2009.0
701.64	2011	2011.0
701.91	2009	2009.0
702.18	2009	2009.0
702.45	2010	2010.0
702.72	2009	2009.0
702.99	2009	2009.0
703.26	2010	2010.0
703.53	2009	2009.0
703.81	2014	2013.9
704.08	2008	2008.0
704.35	2009	2009.0
704.62	2012	2012.0
704.89	2011	2011.0
705.16	2011	2011.0
705.43	2006	2006.0
705.70	2009	2009.0
705.97	2009	2009.0
706.24	2012	2012.0
706.51	2010	2010.0
706.78	2011	2011.0
707.05	2010	2010.0
707.32	2004	2004.0
707.59	2013	2012.9
707.86	2008	2008.0
708.13	2011	2011.0
708.40	2006	2006.0
708.67	2007	2007.0
708.94	2005	2005.0
709.21	2011	2011.0
709.48	2015	2014.9
709.75	2004	2004.0
710.02	2008	2008.0
710.29	2012	2012.0
710.56	2009	2009.0
710.83	2008	2008.0
711.10	2009	2009.0
711.37	2008	2008.0
711.63	2012	2012.0
711.90	2009	2009.0
712.17	2009	2009.0
712.44	2009	2009.0
712.71	2013	2012.9
712.98	2008	2008.0
713.25	2008	2008.0
713.52	2010	2010.0
713.78	2008	2008.0
714.05	2010	2010.0
714.32	2009	2009.0
714.59	2009	2009.0
714.86	2008	2008.0
715.13	2008	2008.0
715.39	2007	2007.0
715.66	2011	2011.0
715.93	2009	2009.0
716.20	2009	2009.0
716.47	2009	2009.0
716.73	2008	2008.0
717.00	2004	2004.0
717.27	2010	2010.0
717.54	2010	2010.0
717.80	2012	2012.0
718.07	2008	2008.0
718.34	2015	2014.9
718.60	2011	2011.0
718.87	2007	2007.0
719.14	2016	2015.9
719.41	2010	2010.0
719.67	2010	2010.0
719.94	2007	2007.0
720.21	2010	2010.0
720.47	2010	2010.0
720.74	2007	2007.0
721.01	2011	2011.0
721.27	2008	2008.0
721.54	2008	2008.0
721.81	2006	2006.0
722.07	2015	2014.9
722.34	2012	2012.0
722.60	2007	2007.0
722.87	2005	2005.0
723.14	2008	2008.0
723.40	2008	2008.0
723.67	2009	2009.0
723.93	2010	2010.0
724.20	2005	2005.0
724.47	2008	2008.0
724.73	2008	2008.0
725.00	2012	2012.0
725.26	2015	2014.9
725.53	2007	2007.0
725.79	2006	2006.0
726.06	2010	2010.0
726.32	2010	2010.0
726.59	2008	2008.0
726.85	2009	2009.0
727.12	2010	2010.0
727.38	2006	2006.0
727.65	2010	2010.0
727.91	2008	2008.0
728.18	2009	2009.0
728.44	2006	2006.0
728.71	2007	2007.0
728.97	2010	2010.0
729.24	2008	2008.0
729.50	2008	2008.0
729.77	2007	2007.0
730.03	2010	2010.0
730.30	2012	2012.0
730.56	2010	2010.0
730.82	2009	2009.0
731.09	2010	2010.0
731.35	2005	2005.0
731.62	2011	2011.0
731.88	2010	2010.0
732.14	2008	2008.0
732.41	2009	2009.0
732.67	2012	2012.0
732.93	2009	2009.0
733.20	2010	2010.0
733.46	2006	2006.0
733.72	2006	2006.0
733.99	2007	2007.0
734.25	2011	2011.0
734.51	2011	2011.0
734.78	2014	2013.9
735.04	2008	2008.0
735.30	2006	2006.0
735.57	2008	2008.0
735.83	2011	2011.0
736.09	2005	2005.0
736.35	2009	2009.0
736.62	2013	2012.9
736.88	2011	2011.0
737.14	2012	2012.0
737.40	2010	2010.0
737.67	2009	2009.0
737.93	2013	2012.9
738.19	2009	2009.0
738.45	2013	2012.9
738.71	2009	2009.0
738.98	2010	2010.0
739.24	2006	2006.0
739.50	2008	2008.0
739.76	2009	2009.0
740.02	2010	2010.0
740.29	2011	2011.0
740.55	2012	2012.0
740.81	2009	2009.0
741.07	2006	2006.0
741.33	2007	2007.0
741.59	2012	2012.0
741.85	2005	2005.0
742.12	2006	2006.0
742.38	2012	2012.0
742.64	2012	2012.0
742.90	2016	2015.9
743.16	2009	2009.0
743.42	2017	2016.9
743.68	2011	2011.0
743.94	2008	2008.0
744.20	2009	2009.0
744.46	2010	2010.0
744.72	2015	2014.9
744.98	2004	2004.0
745.24	2012	2012.0
745.50	2008	2008.0
745.76	2008	2008.0
746.03	2008	2008.0
746.29	2005	2005.0
746.55	2014	2013.9
746.81	2009	2009.0
747.07	2007	2007.0
747.33	2009	2009.0
747.58	2005	2005.0
747.84	2010	2010.0
748.10	2009	2009.0
748.36	2014	2013.9
748.62	2013	2012.9
748.88	2008	2008.0
749.14	2012	2012.0
749.40	2011	2011.0
749.66	2006	2006.0
749.92	2008	2008.0
750.18	2008	2008.0
750.44	2005	2005.0
750.70	2010	2010.0
750.96	2010	2010.0
751.21	2009	2009.0
751.47	2005	2005.0
751.73	2011	2011.0
751.99	2006	2006.0
752.25	2008	2008.0
752.51	2009	2009.0
752.77	2012	2012.0
753.03	2014	2013.9
753.28	2008	2008.0
753.54	2009	2009.0
753.80	2008	2008.0
754.06	2007	2007.0
754.32	2009	2009.0
754.57	2011	2011.0
754.83	2019	2018.9
755.09	2007	2007.0
755.35	2010	2010.0
755.61	2013	2012.9
755.86	2009	2009.0
756.12	2013	2012.9
756.38	2005	2005.0
756.64	2010	2010.0
756.89	2013	2012.9
757.15	2006	2006.0
757.41	2008	2008.0
757.66	2008	2008.0
757.92	2008	2008.0
758.18	2006	2006.0
758.44	2006	2006.0
758.69	2014	2013.9
758.95	2006	2006.0
759.21	2009	2009.0
759.46	2012	2012.0
759.72	2010	2010.0
759.98	2014	2013.9
760.23	2010	2010.0
760.49	2009	2009.0
760.75	2008	2008.0
761.00	2006	2006.0
761.26	2008	2008.0
761.52	2006	2006.0
761.77	2013	2012.9
762.03	2012	2012.0
762.28	2008	2008.0
762.54	2010	2010.0
762.80	2007	2007.0
763.05	2009	2009.0
763.31	2007	2007.0
763.56	2012	2012.0
763.82	2011	2011.0
764.07	2017	2016.9
764.33	2007	2007.0
764.58	2008	2008.0
764.84	2009	2009.0
765.10	2009	2009.0
765.35	2003	2003.0
765.61	2009	2009.0
765.86	2012	2012.0
766.12	2008	2008.0
766.37	2010	2010.0
766.63	2013	2012.9
766.88	2014	2013.9
767.14	2007	2007.0
767.39	2009	2009.0
767.64	2012	2012.0
767.90	2012	2012.0
768.15	2011	2011.0
768.41	2006	2006.0
768.66	2009	2009.0
768.92	2009	2009.0
769.17	2010	2010.0
769.43	2008	2008.0
769.68	2013	2012.9
769.93	2006	2006.0
770.19	2010	2010.0
770.44	2008	2008.0
770.70	2013	2012.9
770.95	2006	2006.0
771.20	2010	2010.0
771.46	2013	2012.9
771.71	2012	2012.0
771.96	2014	2013.9
772.22	2009	2009.0
772.47	2005	2005.0
772.72	2012	2012.0
772.98	2003	2003.0
773.23	2010	2010.0
773.48	2012	2012.0
773.74	2010	2010.0
773.99	2011	2011.0
774.24	2012	2012.0
774.50	2012	2012.0
774.75	2010	2010.0
775.00	2009	2009.0
775.25	2009	2009.0
775.51	2007	2007.0
775.76	2009	2009.0
776.01	2015	2014.9
776.26	2011	2011.0
776.52	2013	2012.9
776.77	2010	2010.0
777.02	2011	2011.0
777.27	2011	2011.0
777.53	2009	2009.0
777.78	2008	2008.0
778.03	2012	2012.0
778.28	2011	2011.0
778.53	2012	2012.0
778.78	2012	2012.0
779.04	2012	2012.0
779.29	2012	2012.0
779.54	2009	2009.0
779.79	2012	2012.0
780.04	2007	2007.0
780.29	2009	2009.0
780.55	2010	2010.0
780.80	2010	2010.0
781.05	2010	2010.0
781.30	2012	2012.0
781.55	2014	2013.9
781.80	2009	2009.0
782.05	2011	2011.0
782.30	2012	2012.0
782.55	2005	2005.0
782.80	2013	2012.9
783.06	2011	2011.0
783.31	2008	2008.0
783.56	2010	2010.0
783.81	2013	2012.9
784.06	2012	2012.0
784.31	2012	2012.0
784.56	2007	2007.0
784.81	2007	2007.0
785.06	2007	2007.0
785.31	2017	2016.9
785.56	2011	2011.0
785.81	2010	2010.0
786.06	2007	2007.0
786.31	2013	2012.9
786.56	2010	2010.0
786.81	2012	2012.0
787.06	2008	2008.0
787.31	2007	2007.0
787.56	2010	2010.0
787.81	2011	2011.0
788.06	2010	2010.0
788.31	2013	2012.9
788.55	2013	2012.9
788.80	2011	2011.0
789.05	2018	2017.9
789.30	2016	2015.9
789.55	2011	2011.0
789.80	2008	2008.0
790.05	2010	2010.0
790.30	2014	2013.9
790.55	2012	2012.0
790.80	2009	2009.0
791.04	2014	2013.9
791.29	2014	2013.9
791.54	2016	2015.9
791.79	2011	2011.0
792.04	2008	2008.0
792.29	2013	2012.9
792.53	2013	2012.9
792.78	2013	2012.9
793.03	2010	2010.0
793.28	2011	2011.0
793.53	2012	2012.0
793.77	2007	2007.0
794.02	2006	2006.0
794.27	2006	2006.0
794.52	2012	2012.0
794.77	2012	2012.0
795.01	2008	2008.0
795.26	2009	2009.0
795.51	2009	2009.0
795.76	2005	2005.0
796.00	2011	2011.0
796.25	2009	2009.0
796.50	2014	2013.9
796.75	2009	2009.0
796.99	2011	2011.0
797.24	2010	2010.0
797.49	2010	2010.0
797.73	2012	2012.0
797.98	2013	2012.9
798.23	2008	2008.0
798.47	2011	2011.0
798.72	2006	2006.0
798.97	2009	2009.0
799.21	2006	2006.0
799.46	2008	2008.0
799.71	2010	2010.0
799.95	2011	2011.0
800.20	2009	2009.0
800.45	2012	2012.0
800.69	2012	2012.0
800.94	2010	2010.0
801.18	2010	2010.0
801.43	2015	2014.9
801.68	2014	2013.9
801.92	2010	2010.0
802.17	2008	2008.0
802.41	2015	2014.9
802.66	2011	2011.0
802.90	2009	2009.0
803.15	2005	2005.0
803.40	2009	2009.0
803.64	2011	2011.0
803.89	2006	2006.0
804.13	2010	2010.0
804.38	2013	2012.9
804.62	2010	2010.0
804.87	2009	2009.0
805.11	2014	2013.9
805.36	2006	2006.0
805.60	2010	2010.0
805.85	2011	2011.0
806.09	2016	2015.9
806.34	2008	2008.0
806.58	2011	2011.0
806.83	2010	2010.0
807.07	2007	2007.0
807.31	2013	2012.9
807.56	2009	2009.0
807.80	2009	2009.0
808.05	2009	2009.0
808.29	2010	2010.0
808.54	2014	2013.9
808.78	2007	2007.0
809.02	2015	2014.9
809.27	2015	2014.9
809.51	2012	2012.0
809.76	2012	2012.0
810.00	2010	2010.0
810.24	2013	2012.9
810.49	2008	2008.0
810.73	2012	2012.0
810.97	2011	2011.0
811.22	2008	2008.0
811.46	2013	2012.9
811.70	2015	2014.9
811.95	2011	2011.0
812.19	2007	2007.0
812.43	2007	2007.0
812.68	2009	2009.0
812.92	2008	2008.0
813.16	2008	2008.0
813.41	2010	2010.0
813.65	2011	2011.0
813.89	2008	2008.0
814.13	2009	2009.0
814.38	2010	2010.0
814.62	2005	2005.0
814.86	2009	2009.0
815.11	2008	2008.0
815.35	2012	2012.0
815.59	2014	2013.9
815.83	2015	2014.9
816.07	2015	2014.9
816.32	2013	2012.9
816.56	2013	2012.9
816.80	2012	2012.0
817.04	2012	2012.0
817.28	2011	2011.0
817.53	2010	2010.0
817.77	2009	2009.0
818.01	2006	2006.0
818.25	2012	2012.0
818.49	2012	2012.0
818.73	2008	2008.0
818.98	2010	2010.0
819.22	2011	2011.0
819.46	2006	2006.0
819.70	2009	2009.0
819.94	2009	2009.0
820.18	2011	2011.0
820.42	2013	2012.9
820.67	2014	2013.9
820.91	2015	2014.9
821.15	2010	2010.0
821.39	2012	2012.0
821.63	2011	2011.0
821.87	2006	2006.0
822.11	2012	2012.0
822.35	2010	2010.0
822.59	2014	2013.9
822.83	2010	2010.0
823.07	2012	2012.0
823.31	2009	2009.0
823.55	2009	2009.0
823.79	2014	2013.9
824.03	2010	2010.0
824.27	2009	2009.0
824.51	2009	2009.0
824.75	2012	2012.0
824.99	2010	2010.0
825.23	2014	2013.9
825.47	2011	2011.0
825.71	2011	2011.0
825.95	2012	2012.0
826.19	2015	2014.9
826.43	2008	2008.0
826.67	2009	2009.0
826.91	2014	2013.9
827.15	2014	2013.9
827.39	2014	2013.9
827.63	2011	2011.0
827.87	2010	2010.0
828.11	2012	2012.0
828.35	2012	2012.0
828.59	2014	2013.9
828.82	2018	2017.9
829.06	2011	2011.0
829.30	2012	2012.0
829.54	2014	2013.9
829.78	2013	2012.9
830.02	2012	2012.0
830.26	2015	2014.9
830.50	2011	2011.0
830.73	2009	2009.0
830.97	2010	2010.0
831.21	2010	2010.0
831.45	2009	2009.0
831.69	2014	2013.9
831.93	2013	2012.9
832.16	2015	2014.9
832.40	2013	2012.9
832.64	2012	2012.0
832.88	2012	2012.0
833.12	2009	2009.0
833.35	2016	2015.9
833.59	2009	2009.0
833.83	2011	2011.0
834.07	2009	2009.0
834.30	2013	2012.9
834.54	2014	2013.9
834.78	2013	2012.9
835.02	2013	2012.9
835.25	2010	2010.0
835.49	2020	2019.9
835.73	2010	2010.0
835.97	2012	2012.0
836.20	2008	2008.0
836.44	2011	2011.0
836.68	2017	2016.9
836.91	2010	2010.0
837.15	2019	2018.9
837.39	2014	2013.9
837.62	2015	2014.9
837.86	2017	2016.9
838.10	2012	2012.0
838.33	2018	2017.9
838.57	2012	2012.0
838.81	2016	2015.9
839.04	2009	2009.0
839.28	2011	2011.0
839.52	2014	2013.9
839.75	2010	2010.0
839.99	2013	2012.9
840.22	2014	2013.9
840.46	2017	2016.9
840.70	2013	2012.9
840.93	2010	2010.0
841.17	2009	2009.0
841.40	2017	2016.9
841.64	2012	2012.0
841.88	2006	2006.0
842.11	2014	2013.9
842.35	2013	2012.9
842.58	2014	2013.9
842.82	2011	2011.0
843.05	2012	2012.0
843.29	2011	2011.0
843.52	2013	2012.9
843.76	2017	2016.9
843.99	2012	2012.0
844.23	2009	2009.0
844.46	2017	2016.9
844.70	2008	2008.0
844.93	2015	2014.9
845.17	2015	2014.9
845.40	2013	2012.9
845.64	2010	2010.0
845.87	2012	2012.0
846.11	2015	2014.9
846.34	2013	2012.9
846.58	2012	2012.0
846.81	2013	2012.9
847.04	2010	2010.0
847.28	2016	2015.9
847.51	2012	2012.0
847.75	2017	2016.9
847.98	2011	2011.0
848.21	2011	2011.0
848.45	2012	2012.0
848.68	2012	2012.0
848.92	2012	2012.0
849.15	2008	2008.0
849.38	2011	2011.0
849.62	2011	2011.0
849.85	2012	2012.0
850.08	2016	2015.9
850.32	2012	2012.0
850.55	2014	2013.9
850.79	2003	2003.0
851.02	2019	2018.9
851.25	2012	2012.0
851.49	2013	2012.9
851.72	2012	2012.0
851.95	2011	2011.0
852.18	2012	2012.0
852.42	2012	2012.0
852.65	2012	2012.0
852.88	2010	2010.0
853.12	2015	2014.9
853.35	2012	2012.0
853.58	2016	2015.9
853.81	2013	2012.9
854.05	2013	2012.9
854.28	2011	2011.0
854.51	2012	2012.0
854.74	2014	2013.9
854.98	2013	2012.9
855.21	2017	2016.9
855.44	2008	2008.0
855.67	2015	2014.9
855.90	2014	2013.9
856.14	2012	2012.0
856.37	2013	2012.9
856.60	2012	2012.0
856.83	2012	2012.0
857.06	2012	2012.0
857.30	2012	2012.0
857.53	2015	2014.9
857.76	2013	2012.9
857.99	2013	2012.9
858.22	2011	2011.0
858.45	2016	2015.9
858.68	2017	2016.9
858.92	2016	2015.9
859.15	2013	2012.9
859.38	2013	2012.9
859.61	2012	2012.0
859.84	2011	2011.0
860.07	2010	2010.0
860.30	2017	2016.9
860.53	2014	2013.9
860.76	2010	2010.0
861.00	2012	2012.0
861.23	2010	2010.0
861.46	2014	2013.9
861.69	2015	2014.9
861.92	2013	2012.9
862.15	2017	2016.9
862.38	2014	2013.9
862.61	2013	2012.9
862.84	2011	2011.0
863.07	2016	2015.9
863.30	2014	2013.9
863.53	2018	2017.9
863.76	2010	2010.0
863.99	2010	2010.0
864.22	2010	2010.0
864.45	2014	2013.9
864.68	2012	2012.0
864.91	2016	2015.9
865.14	2012	2012.0
865.37	2016	2015.9
865.60	2015	2014.9
865.83	2018	2017.9
866.06	2016	2015.9
866.29	2013	2012.9
866.52	2012	2012.0
866.75	2009	2009.0
866.97	2013	2012.9
867.20	2016	2015.9
867.43	2014	2013.9
867.66	2016	2015.9
867.89	2013	2012.9
868.12	2012	2012.0
868.35	2015	2014.9
868.58	2018	2017.9
868.81	2012	2012.0
869.04	2013	2012.9
869.26	2015	2014.9
869.49	2011	2011.0
869.72	2012	2012.0
869.95	2010	2010.0
870.18	2014	2013.9
870.41	2012	2012.0
870.63	2012	2012.0
870.86	2016	2015.9
871.09	2014	2013.9
871.32	2014	2013.9
871.55	2011	2011.0
871.78	2014	2013.9
872.00	2014	2013.9
872.23	2012	2012.0
872.46	2018	2017.9
872.69	2012	2012.0
872.91	2011	2011.0
873.14	2014	2013.9
873.37	2016	2015.9
873.60	2015	2014.9
873.82	2014	2013.9
874.05	2012	2012.0
874.28	2013	2012.9
874.51	2014	2013.9
874.73	2020	2019.9
874.96	2014	2013.9
875.19	2016	2015.9
875.42	2015	2014.9
875.64	2018	2017.9
875.87	2014	2013.9
876.10	2015	2014.9
876.32	2016	2015.9
876.55	2014	2013.9
876.78	2014	2013.9
877.00	2011	2011.0
877.23	2018	2017.9
877.46	2012	2012.0
877.68	2014	2013.9
877.91	2014	2013.9
878.14	2015	2014.9
878.36	2014	2013.9
878.59	2014	2013.9
878.82	2015	2014.9
879.04	2014	2013.9
879.27	2013	2012.9
879.49	2017	2016.9
879.72	2013	2012.9
879.95	2020	2019.9
880.17	2017	2016.9
880.40	2016	2015.9
880.62	2014	2013.9
880.85	2010	2010.0
881.07	2016	2015.9
881.30	2012	2012.0
881.53	2017	2016.9
881.75	2014	2013.9
881.98	2018	2017.9
882.20	2016	2015.9
882.43	2015	2014.9
882.65	2018	2017.9
882.88	2014	2013.9
883.10	2015	2014.9
883.33	2012	2012.0
883.55	2015	2014.9
883.78	2016	2015.9
884.00	2013	2012.9
884.23	2014	2013.9
884.45	2012	2012.0
884.68	2014	2013.9
884.90	2018	2017.9
885.13	2014	2013.9
885.35	2014	2013.9
885.58	2017	2016.9
885.80	2015	2014.9
886.03	2017	2016.9
886.25	2014	2013.9
886.47	2018	2017.9
886.70	2015	2014.9
886.92	2010	2010.0
887.15	2018	2017.9
887.37	2016	2015.9
887.59	2013	2012.9
887.82	2018	2017.9
888.04	2012	2012.0
888.27	2011	2011.0
888.49	2020	2019.9
888.71	2022	2021.9
888.94	2018	2017.9
889.16	2017	2016.9
889.38	2014	2013.9
889.61	2013	2012.9
889.83	2021	2020.9
890.05	2018	2017.9
890.28	2014	2013.9
890.50	2012	2012.0
890.72	2012	2012.0
890.95	2015	2014.9
891.17	2014	2013.9
891.39	2013	2012.9
891.62	2018	2017.9
891.84	2013	2012.9
892.06	2015	2014.9
892.29	2014	2013.9
892.51	2013	2012.9
892.73	2013	2012.9
892.95	2011	2011.0
893.18	2016	2015.9
893.40	2012	2012.0
893.62	2015	2014.9
893.84	2012	2012.0
894.07	2015	2014.9
894.29	2014	2013.9
894.51	2014	2013.9
894.73	2014	2013.9
894.96	2011	2011.0
895.18	2016	2015.9
895.40	2013	2012.9
895.62	2018	2017.9
895.84	2011	2011.0
896.07	2013	2012.9
896.29	2015	2014.9
896.51	2016	2015.9
896.73	2016	2015.9
896.95	2017	2016.9
897.17	2014	2013.9
897.40	2015	2014.9
897.62	2016	2015.9
897.84	2011	2011.0
898.06	2017	2016.9
898.28	2012	2012.0
898.50	2008	2008.0
898.72	2013	2012.9
898.94	2011	2011.0
899.17	2014	2013.9
899.39	2012	2012.0
899.61	2014	2013.9
899.83	2016	2015.9
900.05	2011	2011.0
900.27	2015	2014.9
900.49	2012	2012.0
900.71	2013	2012.9
900.93	2020	2019.9
901.15	2012	2012.0
901.37	2017	2016.9
901.59	2015	2014.9
901.81	2010	2010.0
902.03	2014	2013.9
902.25	2017	2016.9
902.47	2017	2016.9
902.70	2014	2013.9
902.92	2018	2017.9
903.14	2015	2014.9
903.36	2015	2014.9
903.58	2013	2012.9
903.80	2013	2012.9
904.02	2017	2016.9
904.23	2011	2011.0
904.45	2017	2016.9
904.67	2014	2013.9
904.89	2020	2019.9
905.11	2014	2013.9
905.33	2017	2016.9
905.55	2017	2016.9
905.77	2014	2013.9
905.99	2016	2015.9
906.21	2015	2014.9
906.43	2010	2010.0
906.65	2021	2020.9
906.87	2015	2014.9
907.09	2014	2013.9
907.31	2010	2010.0
907.53	2016	2015.9
907.74	2014	2013.9
907.96	2015	2014.9
908.18	2014	2013.9
908.40	2013	2012.9
908.62	2015	2014.9
908.84	2019	2018.9
909.06	2017	2016.9
909.28	2017	2016.9
909.49	2017	2016.9
909.71	2018	2017.9
909.93	2016	2015.9
910.15	2015	2014.9
910.37	2011	2011.0
910.59	2014	2013.9
910.80	2016	2015.9
911.02	2014	2013.9
911.24	2018	2017.9
911.46	2016	2015.9
911.68	2016	2015.9
911.89	2011	2011.0
912.11	2015	2014.9
912.33	2014	2013.9
912.55	2014	2013.9
912.76	2012	2012.0
912.98	2013	2012.9
913.20	2013	2012.9
913.42	2014	2013.9
913.63	2009	2009.0
913.85	2013	2012.9
914.07	2019	2018.9
914.29	2011	2011.0
914.50	2010	2010.0
914.72	2012	2012.0
914.94	2019	2018.9
915.15	2011	2011.0
915.37	2010	2010.0
915.59	2017	2016.9
915.81	2011	2011.0
916.02	2013	2012.9
916.24	2016	2015.9
916.46	2014	2013.9
916.67	2008	2008.0
916.89	2012	2012.0
917.11	2013	2012.9
917.32	2013	2012.9
917.54	2011	2011.0
917.76	2011	2011.0
917.97	2012	2012.0
918.19	2015	2014.9
918.40	2007	2007.0
918.62	2011	2011.0
918.84	2010	2010.0
919.05	2009	2009.0
919.27	2010	2010.0
919.48	2004	2004.0
919.70	2007	2007.0
919.92	2010	2010.0
920.13	2006	2006.0
920.35	2003	2003.0
920.56	2009	2009.0
920.78	2005	2005.0
920.99	2003	2003.0
921.21	2010	2010.0
921.43	2008	2008.0
921.64	2003	2003.0
921.86	2004	2004.0
922.07	2002	2002.0
922.29	2004	2004.0
922.50	2004	2004.0
922.72	2002	2002.0
922.93	2004	2004.0
923.15	1999	1999.0
923.36	2000	2000.0
923.58	2002	2002.0
923.79	2002	2002.0
Bevel	2001
Bevel	1999
Bevel	2000
Bevel	1998
Bevel	2002
Bevel	2005
Dark	1974
Dark	1974
Dark	1974
Dark	1974
